; ElecbyteSpr 0.1.0.1
; 176 groups
; 1285 images
; Made in VirtuallTek Fighter Factory
;
; Options
#
; Palette
1
; Shared palette
2
; End of options
;
; Output file
valdoll\valdoll.sff
; Individual palette
#
1
1
valdoll\0900000000.pcx
9000
0
0
0
; Individual palette
#
1
1
valdoll\0900000001.pcx
9000
1
0
0
valdoll\0000000000.pcx
0
0
44
123
valdoll\0000000001.pcx
0
1
44
125
valdoll\0000000002.pcx
0
2
38
125
valdoll\0000000003.pcx
0
3
37
125
valdoll\0000000004.pcx
0
4
37
128
valdoll\0000000005.pcx
0
5
37
126
valdoll\0000000006.pcx
0
6
40
126
valdoll\0000000007.pcx
0
7
42
125
valdoll\0000000008.pcx
0
8
44
123
valdoll\0000000009.pcx
0
9
44
123
valdoll\0000000010.pcx
0
10
38
121
valdoll\0000000011.pcx
0
11
37
119
valdoll\0000000012.pcx
0
12
37
120
valdoll\0000000013.pcx
0
13
37
120
valdoll\0000000014.pcx
0
14
40
122
valdoll\0000000015.pcx
0
15
42
123
valdoll\0000500000.pcx
5
0
60
123
valdoll\0000500001.pcx
5
1
64
123
valdoll\0000500002.pcx
5
2
65
123
valdoll\0000500003.pcx
5
3
60
123
valdoll\0000500004.pcx
5
4
56
123
valdoll\0002000000.pcx
20
0
47
122
valdoll\0002000001.pcx
20
1
52
120
valdoll\0002000002.pcx
20
2
51
122
valdoll\0002000003.pcx
20
3
46
121
valdoll\0002000004.pcx
20
4
42
120
valdoll\0002000005.pcx
20
5
47
120
valdoll\0002000006.pcx
20
6
46
119
valdoll\0002100000.pcx
21
0
34
122
valdoll\0002100001.pcx
21
1
30
121
valdoll\0002100002.pcx
21
2
30
121
valdoll\0002100003.pcx
21
3
30
121
valdoll\0002100004.pcx
21
4
30
121
valdoll\0002100005.pcx
21
5
30
121
valdoll\0002100006.pcx
21
6
30
121
valdoll\0004000000.pcx
40
0
55
123
valdoll\0004000001.pcx
40
1
44
121
valdoll\0004100000.pcx
41
0
42
121
valdoll\0004100001.pcx
41
1
42
121
valdoll\0004100002.pcx
41
2
49
121
valdoll\0004100003.pcx
41
3
70
124
valdoll\0004100004.pcx
41
4
67
126
valdoll\0004100005.pcx
41
5
70
123
valdoll\0012000000.pcx
120
0
51
124
valdoll\0012000001.pcx
120
1
50
122
valdoll\0012000002.pcx
120
2
-6
118
valdoll\0012000003.pcx
120
3
-4
116
valdoll\0012000004.pcx
120
4
2
118
valdoll\0018100000.pcx
181
0
40
124
valdoll\0018100001.pcx
181
1
42
128
valdoll\0018100002.pcx
181
2
45
127
valdoll\0019300000.pcx
193
0
24
52
valdoll\0020000000.pcx
200
0
43
123
valdoll\0020000001.pcx
200
1
58
128
valdoll\0020000002.pcx
200
2
53
127
valdoll\0020000003.pcx
200
3
56
124
valdoll\0101000000.pcx
1010
0
43
124
valdoll\0101000001.pcx
1010
1
41
150
valdoll\0101000002.pcx
1010
2
42
150
valdoll\0101000003.pcx
1010
3
43
150
valdoll\0110000000.pcx
1100
0
53
121
valdoll\0110000001.pcx
1100
1
71
130
valdoll\0110000002.pcx
1100
2
66
129
valdoll\0110000003.pcx
1100
3
69
126
valdoll\0110000004.pcx
1100
4
58
170
valdoll\0110000005.pcx
1100
5
61
171
valdoll\0110000006.pcx
1100
6
46
166
valdoll\0110000007.pcx
1100
7
47
160
valdoll\0110000008.pcx
1100
8
48
151
valdoll\0110000009.pcx
1100
9
46
151
valdoll\0110000010.pcx
1100
10
47
152
valdoll\0110000011.pcx
1100
11
48
151
valdoll\0110000012.pcx
1100
12
43
132
valdoll\0120000000.pcx
1200
0
43
123
valdoll\0120100000.pcx
1201
0
-58
108
valdoll\0200000000.pcx
2000
0
43
123
valdoll\0200000001.pcx
2000
1
40
120
valdoll\0200000002.pcx
2000
2
38
124
valdoll\0200000003.pcx
2000
3
41
123
valdoll\0200000004.pcx
2000
4
38
124
valdoll\0200000005.pcx
2000
5
41
123
valdoll\0200000006.pcx
2000
6
45
125
valdoll\0200000007.pcx
2000
7
74
165
valdoll\0200000008.pcx
2000
8
69
174
valdoll\0200000009.pcx
2000
9
74
181
valdoll\0200000010.pcx
2000
10
72
124
valdoll\0200000011.pcx
2000
11
69
127
valdoll\0200000012.pcx
2000
12
74
128
valdoll\0200000013.pcx
2000
13
43
123
valdoll\0200000014.pcx
2000
14
43
140
valdoll\0200000015.pcx
2000
15
43
143
valdoll\0500000000.pcx
5000
0
41
116
valdoll\0500000001.pcx
5000
1
53
119
valdoll\0500100000.pcx
5001
0
62
48
valdoll\0500200000.pcx
5002
0
32
10
valdoll\0500000010.pcx
5000
10
59
111
valdoll\0500000011.pcx
5000
11
66
104
valdoll\0500100010.pcx
5001
10
73
34
valdoll\0500200010.pcx
5002
10
15
10
valdoll\0500000020.pcx
5000
20
76
107
valdoll\0500000021.pcx
5000
21
82
108
valdoll\0500100020.pcx
5001
20
76
35
valdoll\0500200020.pcx
5002
20
15
24
valdoll\0501000000.pcx
5010
0
42
120
valdoll\0501000001.pcx
5010
1
47
118
valdoll\0501100000.pcx
5011
0
46
54
valdoll\0501200000.pcx
5012
0
66
21
valdoll\0501000010.pcx
5010
10
42
116
valdoll\0501000011.pcx
5010
11
44
106
valdoll\0501100010.pcx
5011
10
49
54
valdoll\0501200010.pcx
5012
10
75
22
valdoll\0501000020.pcx
5010
20
52
114
valdoll\0501000021.pcx
5010
21
52
114
valdoll\0501100020.pcx
5011
20
47
46
valdoll\0501200020.pcx
5012
20
91
29
valdoll\0502000000.pcx
5020
0
41
116
valdoll\0502000010.pcx
5020
10
59
111
valdoll\0502000020.pcx
5020
20
76
107
valdoll\0503000000.pcx
5030
0
59
111
valdoll\0503100000.pcx
5031
0
71
35
valdoll\0503200000.pcx
5032
0
17
10
valdoll\0503000010.pcx
5030
10
71
123
valdoll\0503100010.pcx
5031
10
70
36
valdoll\0503200010.pcx
5032
10
11
37
valdoll\0503000020.pcx
5030
20
61
113
valdoll\0503100020.pcx
5031
20
44
12
valdoll\0503200020.pcx
5032
20
5
47
valdoll\0503000030.pcx
5030
30
61
113
valdoll\0503100030.pcx
5031
30
44
12
valdoll\0503200030.pcx
5032
30
5
47
valdoll\0503000040.pcx
5030
40
43
147
valdoll\0503100040.pcx
5031
40
17
54
valdoll\0503200040.pcx
5032
40
21
106
valdoll\0503000050.pcx
5030
50
43
147
valdoll\0503100050.pcx
5031
50
17
54
valdoll\0503200050.pcx
5032
50
21
106
valdoll\0503000060.pcx
5030
60
50
81
valdoll\0503000070.pcx
5030
70
80
114
valdoll\0504000000.pcx
5040
0
81
36
valdoll\0504100000.pcx
5041
0
80
21
valdoll\0504200000.pcx
5042
0
25
29
valdoll\0504000001.pcx
5040
1
91
25
valdoll\0504000010.pcx
5040
10
101
24
valdoll\0504100010.pcx
5041
10
100
9
valdoll\0504200010.pcx
5042
10
45
19
valdoll\0504000011.pcx
5040
11
56
53
valdoll\0504000012.pcx
5040
12
71
106
valdoll\0504000020.pcx
5040
20
80
75
valdoll\0504000021.pcx
5040
21
74
87
valdoll\0504100020.pcx
5041
20
88
55
valdoll\0504200020.pcx
5042
20
43
35
valdoll\0506000000.pcx
5060
0
69
114
valdoll\0506100000.pcx
5061
0
74
48
valdoll\0506200000.pcx
5062
0
44
7
valdoll\0506000010.pcx
5060
10
43
122
valdoll\0506100010.pcx
5061
10
17
54
valdoll\0506200010.pcx
5062
10
21
106
valdoll\0507000000.pcx
5070
0
42
120
valdoll\0507100000.pcx
5071
0
46
54
valdoll\0507200000.pcx
5072
0
66
21
valdoll\0507000010.pcx
5070
10
65
111
valdoll\0507100010.pcx
5071
10
89
59
valdoll\0507200010.pcx
5072
10
88
7
valdoll\0507000020.pcx
5070
20
71
89
valdoll\0507100020.pcx
5071
20
95
47
valdoll\0507200020.pcx
5072
20
132
13
valdoll\0507000021.pcx
5070
21
63
109
valdoll\0507000022.pcx
5070
22
72
102
valdoll\0530000000.pcx
5300
0
61
99
valdoll\0530000001.pcx
5300
1
61
101
valdoll\0530000002.pcx
5300
2
61
102
valdoll\0530000003.pcx
5300
3
61
99
valdoll\1000000000.pcx
10000
0
108
102
valdoll\1000000001.pcx
10000
1
108
89
valdoll\1000000002.pcx
10000
2
104
80
valdoll\1000000003.pcx
10000
3
95
80
valdoll\1000000004.pcx
10000
4
70
80
valdoll\1000000005.pcx
10000
5
52
81
valdoll\1000000006.pcx
10000
6
51
84
valdoll\1000000007.pcx
10000
7
55
99
valdoll\1000000008.pcx
10000
8
71
108
valdoll\1000000009.pcx
10000
9
95
128
valdoll\1000000010.pcx
10000
10
92
138
valdoll\1000000011.pcx
10000
11
103
115
valdoll\1000100000.pcx
10001
0
108
102
valdoll\1000100001.pcx
10001
1
108
91
valdoll\1000100002.pcx
10001
2
104
91
valdoll\1000100003.pcx
10001
3
95
91
valdoll\1000100004.pcx
10001
4
70
91
valdoll\1000100005.pcx
10001
5
56
91
valdoll\1000100006.pcx
10001
6
56
91
valdoll\1000100007.pcx
10001
7
56
99
valdoll\1000100008.pcx
10001
8
71
108
valdoll\1000100009.pcx
10001
9
95
128
valdoll\1000100010.pcx
10001
10
92
138
valdoll\1000100011.pcx
10001
11
103
115
valdoll\1000100012.pcx
10001
12
108
102
valdoll\1000200000.pcx
10002
0
108
102
valdoll\1000200001.pcx
10002
1
108
91
valdoll\1000200002.pcx
10002
2
104
91
valdoll\1000200003.pcx
10002
3
95
91
valdoll\1000200004.pcx
10002
4
70
91
valdoll\1000200005.pcx
10002
5
52
91
valdoll\1000200006.pcx
10002
6
40
91
valdoll\1000200007.pcx
10002
7
55
99
valdoll\1000200008.pcx
10002
8
70
108
valdoll\1000200009.pcx
10002
9
95
128
valdoll\1000200010.pcx
10002
10
92
138
valdoll\1000200011.pcx
10002
11
103
115
valdoll\1000200012.pcx
10002
12
108
102
valdoll\1000500000.pcx
10005
0
68
93
valdoll\1000500001.pcx
10005
1
81
102
valdoll\1000500002.pcx
10005
2
77
104
valdoll\1000500003.pcx
10005
3
92
99
valdoll\1000500004.pcx
10005
4
97
96
valdoll\1002100000.pcx
10021
0
101
106
valdoll\1002100001.pcx
10021
1
95
103
valdoll\1002100002.pcx
10021
2
80
92
valdoll\1002100003.pcx
10021
3
88
97
valdoll\1002100004.pcx
10021
4
97
93
valdoll\1002100005.pcx
10021
5
99
95
valdoll\1002200000.pcx
10022
0
54
110
valdoll\1002200001.pcx
10022
1
52
108
valdoll\1002300000.pcx
10023
0
94
103
valdoll\1002300001.pcx
10023
1
128
118
valdoll\1002300002.pcx
10023
2
117
112
valdoll\1002300003.pcx
10023
3
128
79
valdoll\1002300004.pcx
10023
4
62
127
valdoll\1002300005.pcx
10023
5
63
124
valdoll\1002300006.pcx
10023
6
69
102
valdoll\1002300007.pcx
10023
7
104
96
valdoll\1003000000.pcx
10030
0
153
61
valdoll\1003000001.pcx
10030
1
152
58
valdoll\1003000002.pcx
10030
2
141
63
valdoll\1003000003.pcx
10030
3
152
66
valdoll\1004000000.pcx
10040
0
98
118
valdoll\1004000001.pcx
10040
1
113
116
valdoll\1004000002.pcx
10040
2
126
108
valdoll\1004000003.pcx
10040
3
135
114
valdoll\1004000004.pcx
10040
4
135
114
valdoll\1004000005.pcx
10040
5
107
76
valdoll\1004000006.pcx
10040
6
114
95
valdoll\1004100000.pcx
10041
0
137
119
valdoll\1004100001.pcx
10041
1
139
111
valdoll\1004100002.pcx
10041
2
151
114
valdoll\1004100003.pcx
10041
3
151
114
valdoll\1005000000.pcx
10050
0
98
103
valdoll\1005000001.pcx
10050
1
74
116
valdoll\1005000002.pcx
10050
2
108
110
valdoll\1005000003.pcx
10050
3
116
106
valdoll\1005000004.pcx
10050
4
99
128
valdoll\1005000005.pcx
10050
5
91
140
valdoll\1005000006.pcx
10050
6
94
129
valdoll\1030000000.pcx
10300
0
53
120
valdoll\1030000001.pcx
10300
1
44
116
valdoll\1030000002.pcx
10300
2
43
112
valdoll\1030000003.pcx
10300
3
49
112
valdoll\1030000004.pcx
10300
4
81
111
valdoll\1030000005.pcx
10300
5
103
119
valdoll\1030000006.pcx
10300
6
88
120
valdoll\1030000007.pcx
10300
7
78
115
valdoll\1030000008.pcx
10300
8
68
116
valdoll\1030000009.pcx
10300
9
71
115
valdoll\1050000000.pcx
10500
0
100
104
valdoll\1050000001.pcx
10500
1
105
114
valdoll\1050100000.pcx
10501
0
90
110
valdoll\1050100001.pcx
10501
1
83
127
valdoll\1053000000.pcx
10530
0
95
109
valdoll\1053000001.pcx
10530
1
104
95
valdoll\1053000002.pcx
10530
2
87
107
valdoll\1053000003.pcx
10530
3
78
125
valdoll\1053000004.pcx
10530
4
63
134
valdoll\1100000000.pcx
11000
0
108
102
valdoll\1100000001.pcx
11000
1
108
89
valdoll\1100000002.pcx
11000
2
104
80
valdoll\1100000003.pcx
11000
3
95
80
valdoll\1100000004.pcx
11000
4
70
80
valdoll\1100000005.pcx
11000
5
52
81
valdoll\1100000006.pcx
11000
6
51
84
valdoll\1100000007.pcx
11000
7
55
99
valdoll\1100000008.pcx
11000
8
71
108
valdoll\1100000009.pcx
11000
9
95
128
valdoll\1100000010.pcx
11000
10
92
138
valdoll\1100000011.pcx
11000
11
103
115
valdoll\1100100000.pcx
11001
0
108
102
valdoll\1100100001.pcx
11001
1
108
91
valdoll\1100100002.pcx
11001
2
104
91
valdoll\1100100003.pcx
11001
3
95
91
valdoll\1100100004.pcx
11001
4
70
91
valdoll\1100100005.pcx
11001
5
56
91
valdoll\1100100006.pcx
11001
6
56
91
valdoll\1100100007.pcx
11001
7
56
99
valdoll\1100100008.pcx
11001
8
71
108
valdoll\1100100009.pcx
11001
9
95
128
valdoll\1100100010.pcx
11001
10
92
138
valdoll\1100100011.pcx
11001
11
103
115
valdoll\1100100012.pcx
11001
12
108
102
valdoll\1100200000.pcx
11002
0
108
102
valdoll\1100200001.pcx
11002
1
108
91
valdoll\1100200002.pcx
11002
2
104
91
valdoll\1100200003.pcx
11002
3
95
91
valdoll\1100200004.pcx
11002
4
70
91
valdoll\1100200005.pcx
11002
5
52
91
valdoll\1100200006.pcx
11002
6
40
91
valdoll\1100200007.pcx
11002
7
55
99
valdoll\1100200008.pcx
11002
8
70
108
valdoll\1100200009.pcx
11002
9
95
128
valdoll\1100200010.pcx
11002
10
92
138
valdoll\1100200011.pcx
11002
11
103
115
valdoll\1100200012.pcx
11002
12
108
102
valdoll\1100500000.pcx
11005
0
68
93
valdoll\1100500001.pcx
11005
1
81
102
valdoll\1100500002.pcx
11005
2
77
104
valdoll\1100500003.pcx
11005
3
92
99
valdoll\1100500004.pcx
11005
4
97
96
valdoll\1102100000.pcx
11021
0
101
106
valdoll\1102100001.pcx
11021
1
95
103
valdoll\1102100002.pcx
11021
2
80
92
valdoll\1102100003.pcx
11021
3
88
97
valdoll\1102100004.pcx
11021
4
97
93
valdoll\1102100005.pcx
11021
5
99
95
valdoll\1102200000.pcx
11022
0
54
110
valdoll\1102200001.pcx
11022
1
52
108
valdoll\1102300000.pcx
11023
0
94
103
valdoll\1102300001.pcx
11023
1
128
118
valdoll\1102300002.pcx
11023
2
117
112
valdoll\1102300003.pcx
11023
3
128
79
valdoll\1102300004.pcx
11023
4
62
127
valdoll\1102300005.pcx
11023
5
63
124
valdoll\1102300006.pcx
11023
6
69
102
valdoll\1102300007.pcx
11023
7
104
96
valdoll\1103000000.pcx
11030
0
153
61
valdoll\1103000001.pcx
11030
1
152
58
valdoll\1103000002.pcx
11030
2
141
63
valdoll\1103000003.pcx
11030
3
152
66
valdoll\1104000000.pcx
11040
0
98
118
valdoll\1104000001.pcx
11040
1
113
116
valdoll\1104000002.pcx
11040
2
126
108
valdoll\1104000003.pcx
11040
3
135
114
valdoll\1104000004.pcx
11040
4
135
114
valdoll\1104000005.pcx
11040
5
107
76
valdoll\1104000006.pcx
11040
6
114
95
valdoll\1104100000.pcx
11041
0
137
119
valdoll\1104100001.pcx
11041
1
139
111
valdoll\1104100002.pcx
11041
2
151
114
valdoll\1104100003.pcx
11041
3
151
114
valdoll\1105000000.pcx
11050
0
98
103
valdoll\1105000001.pcx
11050
1
74
116
valdoll\1105000002.pcx
11050
2
108
110
valdoll\1105000003.pcx
11050
3
116
106
valdoll\1105000004.pcx
11050
4
99
128
valdoll\1105000005.pcx
11050
5
91
140
valdoll\1105000006.pcx
11050
6
94
129
valdoll\1130000000.pcx
11300
0
53
120
valdoll\1130000001.pcx
11300
1
44
116
valdoll\1130000002.pcx
11300
2
43
112
valdoll\1130000003.pcx
11300
3
49
112
valdoll\1130000004.pcx
11300
4
81
111
valdoll\1130000005.pcx
11300
5
103
119
valdoll\1130000006.pcx
11300
6
88
120
valdoll\1130000007.pcx
11300
7
78
115
valdoll\1130000008.pcx
11300
8
68
116
valdoll\1130000009.pcx
11300
9
71
115
valdoll\1150000000.pcx
11500
0
100
104
valdoll\1150000001.pcx
11500
1
105
114
valdoll\1150100000.pcx
11501
0
90
110
valdoll\1150100001.pcx
11501
1
83
127
valdoll\1153000000.pcx
11530
0
95
109
valdoll\1153000001.pcx
11530
1
104
95
valdoll\1153000002.pcx
11530
2
87
107
valdoll\1153000003.pcx
11530
3
78
125
valdoll\1153000004.pcx
11530
4
63
134
; Individual palette
#
1
1
valdoll\1200000000.pcx
12000
0
108
102
valdoll\1200000001.pcx
12000
1
108
89
valdoll\1200000002.pcx
12000
2
104
80
valdoll\1200000003.pcx
12000
3
95
80
valdoll\1200000004.pcx
12000
4
70
80
valdoll\1200000005.pcx
12000
5
52
81
valdoll\1200000006.pcx
12000
6
51
84
valdoll\1200000007.pcx
12000
7
55
99
valdoll\1200000008.pcx
12000
8
71
108
valdoll\1200000009.pcx
12000
9
95
128
valdoll\1200000010.pcx
12000
10
92
138
valdoll\1200000011.pcx
12000
11
103
115
valdoll\1200100000.pcx
12001
0
108
102
valdoll\1200100001.pcx
12001
1
108
91
valdoll\1200100002.pcx
12001
2
104
91
valdoll\1200100003.pcx
12001
3
95
91
valdoll\1200100004.pcx
12001
4
70
91
valdoll\1200100005.pcx
12001
5
56
91
valdoll\1200100006.pcx
12001
6
56
91
valdoll\1200100007.pcx
12001
7
56
99
valdoll\1200100008.pcx
12001
8
71
108
valdoll\1200100009.pcx
12001
9
95
128
valdoll\1200100010.pcx
12001
10
92
138
valdoll\1200100011.pcx
12001
11
103
115
valdoll\1200100012.pcx
12001
12
108
102
valdoll\1200200000.pcx
12002
0
108
102
valdoll\1200200001.pcx
12002
1
108
91
valdoll\1200200002.pcx
12002
2
104
91
valdoll\1200200003.pcx
12002
3
95
91
valdoll\1200200004.pcx
12002
4
70
91
valdoll\1200200005.pcx
12002
5
52
91
valdoll\1200200006.pcx
12002
6
40
91
valdoll\1200200007.pcx
12002
7
55
99
valdoll\1200200008.pcx
12002
8
70
108
valdoll\1200200009.pcx
12002
9
95
128
valdoll\1200200010.pcx
12002
10
92
138
valdoll\1200200011.pcx
12002
11
103
115
valdoll\1200200012.pcx
12002
12
108
102
valdoll\1200500000.pcx
12005
0
68
93
valdoll\1200500001.pcx
12005
1
81
102
valdoll\1200500002.pcx
12005
2
77
104
valdoll\1200500003.pcx
12005
3
92
99
valdoll\1200500004.pcx
12005
4
97
96
valdoll\1202100000.pcx
12021
0
101
106
valdoll\1202100001.pcx
12021
1
95
103
valdoll\1202100002.pcx
12021
2
80
92
valdoll\1202100003.pcx
12021
3
88
97
valdoll\1202100004.pcx
12021
4
97
93
valdoll\1202100005.pcx
12021
5
99
95
valdoll\1202200000.pcx
12022
0
54
110
valdoll\1202200001.pcx
12022
1
52
108
valdoll\1202300000.pcx
12023
0
94
103
valdoll\1202300001.pcx
12023
1
128
118
valdoll\1202300002.pcx
12023
2
117
112
valdoll\1202300003.pcx
12023
3
128
79
valdoll\1202300004.pcx
12023
4
62
127
valdoll\1202300005.pcx
12023
5
63
124
valdoll\1202300006.pcx
12023
6
69
102
valdoll\1202300007.pcx
12023
7
104
96
valdoll\1203000000.pcx
12030
0
153
61
valdoll\1203000001.pcx
12030
1
152
58
valdoll\1203000002.pcx
12030
2
141
63
valdoll\1203000003.pcx
12030
3
152
66
valdoll\1204000000.pcx
12040
0
98
118
valdoll\1204000001.pcx
12040
1
113
116
valdoll\1204000002.pcx
12040
2
126
108
valdoll\1204000003.pcx
12040
3
135
114
valdoll\1204000004.pcx
12040
4
135
114
valdoll\1204000005.pcx
12040
5
107
76
valdoll\1204000006.pcx
12040
6
114
95
valdoll\1204100000.pcx
12041
0
137
119
valdoll\1204100001.pcx
12041
1
139
111
valdoll\1204100002.pcx
12041
2
151
114
valdoll\1204100003.pcx
12041
3
151
114
valdoll\1205000000.pcx
12050
0
98
103
valdoll\1205000001.pcx
12050
1
74
116
valdoll\1205000002.pcx
12050
2
108
110
valdoll\1205000003.pcx
12050
3
116
106
valdoll\1205000004.pcx
12050
4
99
128
valdoll\1205000005.pcx
12050
5
91
140
valdoll\1205000006.pcx
12050
6
94
129
valdoll\1230000000.pcx
12300
0
71
115
valdoll\1230000001.pcx
12300
1
53
120
valdoll\1230000002.pcx
12300
2
44
116
valdoll\1230000003.pcx
12300
3
43
112
valdoll\1230000004.pcx
12300
4
49
112
valdoll\1230000005.pcx
12300
5
81
111
valdoll\1230000006.pcx
12300
6
103
119
valdoll\1230000007.pcx
12300
7
88
120
valdoll\1230000008.pcx
12300
8
78
115
valdoll\1230000009.pcx
12300
9
68
116
valdoll\1250000000.pcx
12500
0
100
104
valdoll\1250000001.pcx
12500
1
105
114
valdoll\1250100000.pcx
12501
0
90
110
valdoll\1250100001.pcx
12501
1
83
127
valdoll\1253000000.pcx
12530
0
95
109
valdoll\1253000001.pcx
12530
1
104
95
valdoll\1253000002.pcx
12530
2
87
107
valdoll\1253000003.pcx
12530
3
78
125
valdoll\1253000004.pcx
12530
4
63
134
; Individual palette
#
1
1
valdoll\1300000000.pcx
13000
0
108
102
valdoll\1300000001.pcx
13000
1
108
89
valdoll\1300000002.pcx
13000
2
104
80
valdoll\1300000003.pcx
13000
3
95
80
valdoll\1300000004.pcx
13000
4
70
80
valdoll\1300000005.pcx
13000
5
52
81
valdoll\1300000006.pcx
13000
6
51
84
valdoll\1300000007.pcx
13000
7
55
99
valdoll\1300000008.pcx
13000
8
71
108
valdoll\1300000009.pcx
13000
9
95
128
valdoll\1300000010.pcx
13000
10
92
138
valdoll\1300000011.pcx
13000
11
103
115
valdoll\1300100000.pcx
13001
0
108
102
valdoll\1300100001.pcx
13001
1
108
91
valdoll\1300100002.pcx
13001
2
104
91
valdoll\1300100003.pcx
13001
3
95
91
valdoll\1300100004.pcx
13001
4
70
91
valdoll\1300100005.pcx
13001
5
56
91
valdoll\1300100006.pcx
13001
6
56
91
valdoll\1300100007.pcx
13001
7
56
99
valdoll\1300100008.pcx
13001
8
71
108
valdoll\1300100009.pcx
13001
9
95
128
valdoll\1300100010.pcx
13001
10
92
138
valdoll\1300100011.pcx
13001
11
103
115
valdoll\1300100012.pcx
13001
12
108
102
valdoll\1300200000.pcx
13002
0
108
102
valdoll\1300200001.pcx
13002
1
108
91
valdoll\1300200002.pcx
13002
2
104
91
valdoll\1300200003.pcx
13002
3
95
91
valdoll\1300200004.pcx
13002
4
70
91
valdoll\1300200005.pcx
13002
5
52
91
valdoll\1300200006.pcx
13002
6
40
91
valdoll\1300200007.pcx
13002
7
55
99
valdoll\1300200008.pcx
13002
8
70
108
valdoll\1300200009.pcx
13002
9
95
128
valdoll\1300200010.pcx
13002
10
92
138
valdoll\1300200011.pcx
13002
11
103
115
valdoll\1300200012.pcx
13002
12
108
102
valdoll\1300500000.pcx
13005
0
68
93
valdoll\1300500001.pcx
13005
1
81
102
valdoll\1300500002.pcx
13005
2
77
104
valdoll\1300500003.pcx
13005
3
92
99
valdoll\1300500004.pcx
13005
4
97
96
valdoll\1302100000.pcx
13021
0
101
106
valdoll\1302100001.pcx
13021
1
95
103
valdoll\1302100002.pcx
13021
2
80
92
valdoll\1302100003.pcx
13021
3
88
97
valdoll\1302100004.pcx
13021
4
97
93
valdoll\1302100005.pcx
13021
5
99
95
valdoll\1302200000.pcx
13022
0
54
110
valdoll\1302200001.pcx
13022
1
52
108
valdoll\1302300000.pcx
13023
0
94
103
valdoll\1302300001.pcx
13023
1
128
118
valdoll\1302300002.pcx
13023
2
117
112
valdoll\1302300003.pcx
13023
3
128
79
valdoll\1302300004.pcx
13023
4
62
127
valdoll\1302300005.pcx
13023
5
63
124
valdoll\1302300006.pcx
13023
6
69
102
valdoll\1302300007.pcx
13023
7
104
96
valdoll\1303000000.pcx
13030
0
153
61
valdoll\1303000001.pcx
13030
1
152
58
valdoll\1303000002.pcx
13030
2
141
63
valdoll\1303000003.pcx
13030
3
152
66
valdoll\1304000000.pcx
13040
0
98
118
valdoll\1304000001.pcx
13040
1
113
116
valdoll\1304000002.pcx
13040
2
126
108
valdoll\1304000003.pcx
13040
3
135
114
valdoll\1304000004.pcx
13040
4
135
114
valdoll\1304000005.pcx
13040
5
107
76
valdoll\1304000006.pcx
13040
6
114
95
valdoll\1304100000.pcx
13041
0
137
119
valdoll\1304100001.pcx
13041
1
139
111
valdoll\1304100002.pcx
13041
2
151
114
valdoll\1304100003.pcx
13041
3
151
114
valdoll\1305000000.pcx
13050
0
98
103
valdoll\1305000001.pcx
13050
1
74
116
valdoll\1305000002.pcx
13050
2
108
110
valdoll\1305000003.pcx
13050
3
116
106
valdoll\1305000004.pcx
13050
4
99
128
valdoll\1305000005.pcx
13050
5
91
140
valdoll\1305000006.pcx
13050
6
94
129
valdoll\1330000000.pcx
13300
0
71
115
valdoll\1330000001.pcx
13300
1
53
120
valdoll\1330000002.pcx
13300
2
44
116
valdoll\1330000003.pcx
13300
3
43
112
valdoll\1330000004.pcx
13300
4
49
112
valdoll\1330000005.pcx
13300
5
81
111
valdoll\1330000006.pcx
13300
6
103
119
valdoll\1330000007.pcx
13300
7
88
120
valdoll\1330000008.pcx
13300
8
78
115
valdoll\1330000009.pcx
13300
9
68
116
valdoll\1350000000.pcx
13500
0
100
104
valdoll\1350000001.pcx
13500
1
105
114
valdoll\1350100000.pcx
13501
0
90
110
valdoll\1350100001.pcx
13501
1
83
127
valdoll\1353000000.pcx
13530
0
95
109
valdoll\1353000001.pcx
13530
1
104
95
valdoll\1353000002.pcx
13530
2
87
107
valdoll\1353000003.pcx
13530
3
78
125
valdoll\1353000004.pcx
13530
4
63
134
; Individual palette
#
1
1
valdoll\1005100000.pcx
10051
0
-52
86
valdoll\1005100001.pcx
10051
1
-52
86
valdoll\1005100002.pcx
10051
2
-53
93
valdoll\1005100003.pcx
10051
3
-53
93
valdoll\1005100004.pcx
10051
4
-52
63
valdoll\1005100005.pcx
10051
5
-52
70
valdoll\1005100006.pcx
10051
6
-52
72
valdoll\1005100007.pcx
10051
7
-52
72
valdoll\1005100008.pcx
10051
8
-49
84
valdoll\1005100009.pcx
10051
9
-49
90
valdoll\1005100010.pcx
10051
10
-52
84
valdoll\1005100011.pcx
10051
11
-52
84
valdoll\1005100012.pcx
10051
12
-84
36
valdoll\1005100013.pcx
10051
13
-106
45
valdoll\1005100014.pcx
10051
14
-125
34
valdoll\1105100000.pcx
11051
0
-55
51
valdoll\1105100001.pcx
11051
1
-59
49
valdoll\1105100002.pcx
11051
2
-54
55
valdoll\1105100003.pcx
11051
3
-62
44
valdoll\1105100004.pcx
11051
4
-57
49
valdoll\1105100005.pcx
11051
5
-63
50
valdoll\1105100006.pcx
11051
6
-48
59
valdoll\1105100007.pcx
11051
7
-48
59
valdoll\1205100000.pcx
12051
0
-47
66
valdoll\1205100001.pcx
12051
1
-48
66
valdoll\1205100002.pcx
12051
2
-47
63
valdoll\1205100003.pcx
12051
3
-47
66
valdoll\1205100004.pcx
12051
4
-48
67
valdoll\1205100005.pcx
12051
5
-47
63
valdoll\1205100006.pcx
12051
6
-48
66
valdoll\1205100007.pcx
12051
7
-48
67
valdoll\1305100000.pcx
13051
0
-47
61
valdoll\1305100001.pcx
13051
1
-50
60
valdoll\1305100002.pcx
13051
2
-30
64
valdoll\1305100003.pcx
13051
3
-60
68
valdoll\1305100004.pcx
13051
4
-63
55
valdoll\1305100005.pcx
13051
5
-61
58
valdoll\1305100006.pcx
13051
6
-72
59
; Individual palette
#
1
1
valdoll\2010000000.pcx
20100
0
51
114
valdoll\2010000001.pcx
20100
1
55
114
valdoll\2010000002.pcx
20100
2
50
114
valdoll\2010000003.pcx
20100
3
60
97
valdoll\2010000004.pcx
20100
4
22
110
valdoll\2010000005.pcx
20100
5
34
86
; Individual palette
#
1
1
valdoll\2018100000.pcx
20181
0
14
15
valdoll\2018100001.pcx
20181
1
12
64
valdoll\2018100002.pcx
20181
2
10
145
valdoll\2018100003.pcx
20181
3
13
77
valdoll\2018100004.pcx
20181
4
12
94
valdoll\2018100005.pcx
20181
5
12
110
valdoll\2018100006.pcx
20181
6
12
119
valdoll\2018100007.pcx
20181
7
11
130
valdoll\2018100008.pcx
20181
8
11
133
valdoll\2018100009.pcx
20181
9
11
136
valdoll\2018100010.pcx
20181
10
10
141
valdoll\2018100011.pcx
20181
11
9
142
valdoll\2018100012.pcx
20181
12
8
145
valdoll\2018100013.pcx
20181
13
8
147
valdoll\2018100014.pcx
20181
14
7
148
valdoll\2018100015.pcx
20181
15
5
150
; 	block.pcx
; Individual palette
#
1
1
valdoll\2019000000.pcx
20190
0
9
8
valdoll\2019000001.pcx
20190
1
7
6
valdoll\2019000002.pcx
20190
2
7
7
valdoll\2019000003.pcx
20190
3
6
6
valdoll\2019000004.pcx
20190
4
5
5
valdoll\2019000005.pcx
20190
5
5
5
valdoll\2019000006.pcx
20190
6
4
4
; Individual palette
#
1
1
valdoll\2100000000.pcx
21000
0
33
38
valdoll\2100000001.pcx
21000
1
24
43
valdoll\2100000002.pcx
21000
2
41
61
valdoll\2100000003.pcx
21000
3
42
59
valdoll\2100000004.pcx
21000
4
-8
16
valdoll\2100000005.pcx
21000
5
-8
16
valdoll\2100000006.pcx
21000
6
-8
16
valdoll\2100000007.pcx
21000
7
-8
16
valdoll\2100000008.pcx
21000
8
-6
24
valdoll\2100000009.pcx
21000
9
-10
8
valdoll\2100000010.pcx
21000
10
-12
4
valdoll\2100000011.pcx
21000
11
-16
2
valdoll\2101000000.pcx
21010
0
40
41
valdoll\2101000001.pcx
21010
1
36
43
valdoll\2101000002.pcx
21010
2
57
77
valdoll\2101000003.pcx
21010
3
57
71
valdoll\2101000004.pcx
21010
4
-8
92
valdoll\2101000005.pcx
21010
5
-8
113
valdoll\2101000006.pcx
21010
6
-8
134
valdoll\2101000007.pcx
21010
7
-3
162
valdoll\2101000008.pcx
21010
8
-3
183
valdoll\2101000009.pcx
21010
9
-6
191
valdoll\2101000010.pcx
21010
10
-6
212
valdoll\2101000011.pcx
21010
11
-8
235
valdoll\2101000012.pcx
21010
12
-3
235
valdoll\2101000013.pcx
21010
13
-6
231
valdoll\2101000014.pcx
21010
14
-9
80
valdoll\2101000015.pcx
21010
15
-8
56
valdoll\2110000000.pcx
21100
0
27
4
valdoll\2110000001.pcx
21100
1
44
6
valdoll\2110000002.pcx
21100
2
59
8
valdoll\2110000003.pcx
21100
3
65
8
valdoll\2110000004.pcx
21100
4
69
9
valdoll\2110000005.pcx
21100
5
72
9
valdoll\2110000006.pcx
21100
6
74
9
valdoll\2110100000.pcx
21101
0
19
16
valdoll\2110100001.pcx
21101
1
25
41
valdoll\2110100002.pcx
21101
2
23
39
valdoll\2110100003.pcx
21101
3
23
42
valdoll\2110100004.pcx
21101
4
19
42
valdoll\2110100005.pcx
21101
5
16
42
valdoll\2110100006.pcx
21101
6
16
39
valdoll\2110100007.pcx
21101
7
15
39
valdoll\2110100008.pcx
21101
8
5
47
valdoll\2110100009.pcx
21101
9
-25
42
valdoll\2110100010.pcx
21101
10
-48
29
valdoll\2110100011.pcx
21101
11
-61
9
valdoll\2110200000.pcx
21102
0
0
22
valdoll\2110200001.pcx
21102
1
8
55
valdoll\2110200002.pcx
21102
2
6
54
valdoll\2110200003.pcx
21102
3
6
58
valdoll\2110200004.pcx
21102
4
0
58
valdoll\2110200005.pcx
21102
5
-4
58
valdoll\2110200006.pcx
21102
6
-4
54
valdoll\2110200007.pcx
21102
7
-6
54
valdoll\2110200008.pcx
21102
8
-20
64
valdoll\2110200009.pcx
21102
9
-59
57
valdoll\2110200010.pcx
21102
10
-89
40
valdoll\2110200011.pcx
21102
11
-107
12
; Individual palette
#
1
1
valdoll\2120000000.pcx
21200
0
51
12
valdoll\2120000001.pcx
21200
1
57
11
valdoll\2120000002.pcx
21200
2
58
13
valdoll\2120000003.pcx
21200
3
54
15
valdoll\2120100000.pcx
21201
0
14
10
valdoll\2120100001.pcx
21201
1
13
10
valdoll\2120100002.pcx
21201
2
15
10
valdoll\2120100003.pcx
21201
3
16
11
valdoll\2120100004.pcx
21201
4
17
11
valdoll\2120200000.pcx
21202
0
9
7
valdoll\2120200001.pcx
21202
1
10
9
valdoll\2120200002.pcx
21202
2
10
11
valdoll\2120200003.pcx
21202
3
11
12
valdoll\2120200004.pcx
21202
4
11
13
valdoll\2120300000.pcx
21203
0
21
21
valdoll\2120300001.pcx
21203
1
39
30
valdoll\2120300002.pcx
21203
2
34
39
valdoll\2120300003.pcx
21203
3
36
46
valdoll\2120300004.pcx
21203
4
36
53
valdoll\2120300005.pcx
21203
5
34
55
valdoll\2120300006.pcx
21203
6
33
58
valdoll\2120300007.pcx
21203
7
29
59
valdoll\2120300008.pcx
21203
8
28
61
valdoll\2120300009.pcx
21203
9
23
62
valdoll\2120300010.pcx
21203
10
23
64
valdoll\2120400000.pcx
21204
0
17
41
valdoll\2120400001.pcx
21204
1
17
41
valdoll\2120400002.pcx
21204
2
17
41
valdoll\2120400003.pcx
21204
3
16
41
valdoll\2120500000.pcx
21205
0
20
43
valdoll\2120500001.pcx
21205
1
24
37
valdoll\2120500002.pcx
21205
2
23
42
valdoll\2120500003.pcx
21205
3
22
42
valdoll\2120500004.pcx
21205
4
28
41
valdoll\2120500005.pcx
21205
5
36
64
valdoll\2120500006.pcx
21205
6
57
74
valdoll\2120600000.pcx
21206
0
25
9
valdoll\2120600001.pcx
21206
1
24
9
valdoll\2120600002.pcx
21206
2
23
9
valdoll\2120600003.pcx
21206
3
26
10
valdoll\2120600004.pcx
21206
4
27
10
valdoll\2120600005.pcx
21206
5
30
10
valdoll\2120600006.pcx
21206
6
29
10
valdoll\2120600007.pcx
21206
7
28
10
; Individual palette
#
1
1
valdoll\2130000000.pcx
21300
0
81
67
valdoll\2130000001.pcx
21300
1
90
60
valdoll\2130000002.pcx
21300
2
93
62
valdoll\2130000003.pcx
21300
3
95
64
valdoll\2130000004.pcx
21300
4
77
67
valdoll\2130000005.pcx
21300
5
73
47
valdoll\2130000006.pcx
21300
6
78
48
valdoll\2130000007.pcx
21300
7
84
48
valdoll\2130000008.pcx
21300
8
68
15
; Individual palette
#
1
1
valdoll\2200000000.pcx
22000
0
32
19
valdoll\2200000001.pcx
22000
1
77
56
valdoll\2200000002.pcx
22000
2
94
80
valdoll\2200000003.pcx
22000
3
82
80
valdoll\2200000004.pcx
22000
4
92
49
valdoll\2200000005.pcx
22000
5
96
64
valdoll\2200000006.pcx
22000
6
89
70
valdoll\2200000007.pcx
22000
7
95
74
valdoll\2200000008.pcx
22000
8
98
76
; Individual palette
#
1
1
valdoll\2200100000.pcx
22001
0
18
19
valdoll\2200100001.pcx
22001
1
38
115
valdoll\2200100002.pcx
22001
2
38
211
valdoll\2200100003.pcx
22001
3
38
227
valdoll\2200100004.pcx
22001
4
38
179
valdoll\2200100005.pcx
22001
5
25
35
valdoll\2200200000.pcx
22002
0
52
3
valdoll\2200200001.pcx
22002
1
53
7
valdoll\2200200002.pcx
22002
2
55
8
valdoll\2200200003.pcx
22002
3
56
11
valdoll\2200200004.pcx
22002
4
57
15
valdoll\2200200005.pcx
22002
5
59
21
valdoll\2200200006.pcx
22002
6
62
27
valdoll\2200200007.pcx
22002
7
64
33
valdoll\2200200008.pcx
22002
8
65
37
; Individual palette
#
1
1
valdoll\2210000000.pcx
22100
0
32
19
valdoll\2210000001.pcx
22100
1
77
56
valdoll\2210000002.pcx
22100
2
94
80
valdoll\2210000003.pcx
22100
3
82
80
valdoll\2210000004.pcx
22100
4
92
49
valdoll\2210000005.pcx
22100
5
96
64
valdoll\2210000006.pcx
22100
6
89
70
valdoll\2210000007.pcx
22100
7
95
74
valdoll\2210000008.pcx
22100
8
98
76
; Individual palette
#
1
1
valdoll\2220000000.pcx
22200
0
32
19
valdoll\2220000001.pcx
22200
1
77
56
valdoll\2220000002.pcx
22200
2
94
80
valdoll\2220000003.pcx
22200
3
82
80
valdoll\2220000004.pcx
22200
4
92
49
valdoll\2220000005.pcx
22200
5
96
64
valdoll\2220000006.pcx
22200
6
89
70
valdoll\2220000007.pcx
22200
7
95
74
valdoll\2220000008.pcx
22200
8
98
76
; Individual palette
#
1
1
valdoll\2220100000.pcx
22201
0
68
54
valdoll\2220100001.pcx
22201
1
68
55
valdoll\2220100002.pcx
22201
2
66
57
valdoll\2220100003.pcx
22201
3
66
57
valdoll\2220100004.pcx
22201
4
68
57
valdoll\2220100005.pcx
22201
5
66
56
valdoll\2220100006.pcx
22201
6
66
54
valdoll\2220100007.pcx
22201
7
67
54
valdoll\2220100008.pcx
22201
8
70
55
valdoll\2220100009.pcx
22201
9
69
56
valdoll\2220100010.pcx
22201
10
68
56
valdoll\2220100011.pcx
22201
11
69
56
valdoll\2220100012.pcx
22201
12
72
56
valdoll\2220100013.pcx
22201
13
70
56
valdoll\2220100014.pcx
22201
14
68
52
valdoll\2220100015.pcx
22201
15
65
51
valdoll\2220200000.pcx
22202
0
86
72
valdoll\2220200001.pcx
22202
1
86
70
valdoll\2220200002.pcx
22202
2
88
68
valdoll\2220200003.pcx
22202
3
86
68
valdoll\2220200004.pcx
22202
4
86
71
valdoll\2220200005.pcx
22202
5
84
72
valdoll\2220200006.pcx
22202
6
82
71
valdoll\2220200007.pcx
22202
7
82
69
valdoll\2220200008.pcx
22202
8
85
71
valdoll\2220200009.pcx
22202
9
88
69
valdoll\2220200010.pcx
22202
10
88
68
valdoll\2220200011.pcx
22202
11
90
69
valdoll\2220200012.pcx
22202
12
93
70
valdoll\2220200013.pcx
22202
13
92
71
valdoll\2220200014.pcx
22202
14
91
71
valdoll\2220200015.pcx
22202
15
86
72
valdoll\2220300000.pcx
22203
0
15
13
valdoll\2220300001.pcx
22203
1
13
13
valdoll\2220300002.pcx
22203
2
15
13
valdoll\2220300003.pcx
22203
3
14
11
valdoll\2220300004.pcx
22203
4
15
11
valdoll\2220300005.pcx
22203
5
15
12
valdoll\2220300006.pcx
22203
6
14
13
valdoll\2220300007.pcx
22203
7
15
13
valdoll\2220400000.pcx
22204
0
28
23
valdoll\2220400001.pcx
22204
1
28
23
valdoll\2220400002.pcx
22204
2
28
23
valdoll\2220400003.pcx
22204
3
28
23
valdoll\2220400004.pcx
22204
4
29
23
valdoll\2220400005.pcx
22204
5
29
21
valdoll\2220400006.pcx
22204
6
29
23
valdoll\2220400007.pcx
22204
7
28
23
valdoll\2220500000.pcx
22205
0
45
36
valdoll\2220500001.pcx
22205
1
44
36
valdoll\2220500002.pcx
22205
2
43
32
valdoll\2220500003.pcx
22205
3
43
34
valdoll\2220500004.pcx
22205
4
46
35
valdoll\2220500005.pcx
22205
5
47
36
valdoll\2220500006.pcx
22205
6
46
36
valdoll\2220500007.pcx
22205
7
45
36
; Individual palette
#
1
1
valdoll\2300000000.pcx
23000
0
30
25
valdoll\2300000001.pcx
23000
1
47
24
valdoll\2300000002.pcx
23000
2
42
39
valdoll\2300000003.pcx
23000
3
53
34
valdoll\2300000004.pcx
23000
4
58
39
valdoll\2300000005.pcx
23000
5
52
35
valdoll\2300000006.pcx
23000
6
48
32
valdoll\2300000007.pcx
23000
7
42
30
valdoll\2300000008.pcx
23000
8
40
31
valdoll\2300000009.pcx
23000
9
41
32
valdoll\2300000010.pcx
23000
10
42
33
valdoll\2300000011.pcx
23000
11
43
34
valdoll\2300000012.pcx
23000
12
44
35
valdoll\2300000013.pcx
23000
13
45
35
valdoll\2300000014.pcx
23000
14
45
36
valdoll\2300000015.pcx
23000
15
46
36
; Individual palette
#
1
1
valdoll\2700000000.pcx
27000
0
17
14
valdoll\2700000001.pcx
27000
1
21
18
valdoll\2700000002.pcx
27000
2
25
20
valdoll\2700000003.pcx
27000
3
27
21
valdoll\2700000004.pcx
27000
4
29
22
valdoll\2700000005.pcx
27000
5
29
22
valdoll\2700000006.pcx
27000
6
29
21
valdoll\2700100000.pcx
27001
0
26
18
valdoll\2700100001.pcx
27001
1
30
23
valdoll\2700100002.pcx
27001
2
33
27
valdoll\2700100003.pcx
27001
3
34
30
valdoll\2700100004.pcx
27001
4
36
32
valdoll\2700100005.pcx
27001
5
38
33
valdoll\2700100006.pcx
27001
6
39
32
valdoll\2700100007.pcx
27001
7
39
30
valdoll\2700100008.pcx
27001
8
37
30
valdoll\2700200000.pcx
27002
0
33
29
valdoll\2700200001.pcx
27002
1
41
35
valdoll\2700200002.pcx
27002
2
47
38
valdoll\2700200003.pcx
27002
3
50
39
valdoll\2700200004.pcx
27002
4
52
40
valdoll\2700200005.pcx
27002
5
52
39
valdoll\2700200006.pcx
27002
6
50
37
valdoll\2700200007.pcx
27002
7
51
37
valdoll\2700200008.pcx
27002
8
54
39
valdoll\2700200009.pcx
27002
9
54
40
valdoll\2700200010.pcx
27002
10
54
41
valdoll\2700300000.pcx
27003
0
32
43
valdoll\2700300001.pcx
27003
1
40
47
valdoll\2700300002.pcx
27003
2
46
52
valdoll\2700300003.pcx
27003
3
49
55
valdoll\2700300004.pcx
27003
4
51
59
valdoll\2700300005.pcx
27003
5
51
62
valdoll\2700300006.pcx
27003
6
56
65
valdoll\2700300007.pcx
27003
7
58
68
valdoll\2700300008.pcx
27003
8
58
70
valdoll\2700300009.pcx
27003
9
57
72
valdoll\2700300010.pcx
27003
10
54
74
valdoll\2700300011.pcx
27003
11
48
76
valdoll\2700300012.pcx
27003
12
48
77
valdoll\2700300013.pcx
27003
13
50
79
valdoll\2700300014.pcx
27003
14
51
80
valdoll\2700400000.pcx
27004
0
25
20
valdoll\2700400001.pcx
27004
1
32
25
valdoll\2700400002.pcx
27004
2
48
38
valdoll\2700400003.pcx
27004
3
44
34
valdoll\2700400004.pcx
27004
4
48
39
valdoll\2700400005.pcx
27004
5
53
43
valdoll\2700400006.pcx
27004
6
57
47
valdoll\2700400007.pcx
27004
7
59
50
valdoll\2700400008.pcx
27004
8
60
52
valdoll\2700400009.pcx
27004
9
61
53
valdoll\2700400010.pcx
27004
10
60
54
valdoll\2700400011.pcx
27004
11
59
53
valdoll\2700400012.pcx
27004
12
52
52
valdoll\2700400013.pcx
27004
13
54
51
valdoll\2700400014.pcx
27004
14
55
49
valdoll\2700400015.pcx
27004
15
54
46
valdoll\2700500000.pcx
27005
0
44
38
valdoll\2700500001.pcx
27005
1
48
44
valdoll\2700500002.pcx
27005
2
52
48
valdoll\2700500003.pcx
27005
3
56
53
valdoll\2700500004.pcx
27005
4
60
57
valdoll\2700500005.pcx
27005
5
64
58
valdoll\2700500006.pcx
27005
6
67
57
valdoll\2700500007.pcx
27005
7
71
55
valdoll\2700500008.pcx
27005
8
74
57
valdoll\2700500009.pcx
27005
9
77
59
valdoll\2700500010.pcx
27005
10
81
61
valdoll\2700600000.pcx
27006
0
7
28
valdoll\2700600001.pcx
27006
1
13
34
valdoll\2700600002.pcx
27006
2
10
38
valdoll\2700600003.pcx
27006
3
11
41
valdoll\2700600004.pcx
27006
4
12
43
valdoll\2700600005.pcx
27006
5
13
44
valdoll\2700600006.pcx
27006
6
14
44
valdoll\2700600007.pcx
27006
7
14
34
valdoll\2700600008.pcx
27006
8
15
36
valdoll\2700600009.pcx
27006
9
15
38
valdoll\2700600010.pcx
27006
10
16
40
valdoll\2700700000.pcx
27007
0
16
21
valdoll\2700700001.pcx
27007
1
21
30
valdoll\2700700002.pcx
27007
2
26
38
valdoll\2700700003.pcx
27007
3
30
39
valdoll\2700700004.pcx
27007
4
33
41
valdoll\2700700005.pcx
27007
5
35
43
valdoll\2700700006.pcx
27007
6
36
44
valdoll\2700700007.pcx
27007
7
36
43
valdoll\2700700008.pcx
27007
8
36
45
valdoll\2700700009.pcx
27007
9
37
46
valdoll\2700700010.pcx
27007
10
38
48
valdoll\2700700011.pcx
27007
11
37
49
valdoll\2700700012.pcx
27007
12
37
51
valdoll\2700700013.pcx
27007
13
38
52
valdoll\2700700014.pcx
27007
14
38
54
valdoll\2700700015.pcx
27007
15
37
55
; Individual palette
#
1
1
valdoll\2705000000.pcx
27050
0
29
38
valdoll\2705000001.pcx
27050
1
33
39
valdoll\2705000002.pcx
27050
2
32
40
valdoll\2705000003.pcx
27050
3
30
36
valdoll\2705000004.pcx
27050
4
30
38
valdoll\2705000005.pcx
27050
5
31
38
valdoll\2705000006.pcx
27050
6
32
37
valdoll\2705000007.pcx
27050
7
33
38
valdoll\2705000008.pcx
27050
8
34
39
valdoll\2705000009.pcx
27050
9
33
39
valdoll\2705000010.pcx
27050
10
32
40
valdoll\2705000011.pcx
27050
11
30
36
valdoll\2705000012.pcx
27050
12
24
35
valdoll\2705100000.pcx
27051
0
31
18
valdoll\2705100001.pcx
27051
1
31
34
valdoll\2705100002.pcx
27051
2
36
38
valdoll\2705100003.pcx
27051
3
37
39
valdoll\2705100004.pcx
27051
4
37
39
valdoll\2705100005.pcx
27051
5
34
39
valdoll\2705100006.pcx
27051
6
33
39
valdoll\2705100007.pcx
27051
7
35
38
valdoll\2705100008.pcx
27051
8
36
38
valdoll\2705100009.pcx
27051
9
36
39
valdoll\2705100010.pcx
27051
10
36
39
valdoll\2705100011.pcx
27051
11
37
38
valdoll\2705100012.pcx
27051
12
37
38
valdoll\2705200000.pcx
27052
0
28
29
valdoll\2705200001.pcx
27052
1
31
31
valdoll\2705200002.pcx
27052
2
30
40
valdoll\2705200003.pcx
27052
3
29
40
valdoll\2705200004.pcx
27052
4
30
40
valdoll\2705200005.pcx
27052
5
30
40
valdoll\2705200006.pcx
27052
6
30
41
valdoll\2705200007.pcx
27052
7
31
41
valdoll\2705200008.pcx
27052
8
31
39
valdoll\2705200009.pcx
27052
9
30
39
valdoll\2705200010.pcx
27052
10
30
39
valdoll\2705200011.pcx
27052
11
24
40
valdoll\2705200012.pcx
27052
12
24
40
; Individual palette
#
1
1
valdoll\2706000000.pcx
27060
0
24
26
valdoll\2706000001.pcx
27060
1
23
25
valdoll\2706000002.pcx
27060
2
23
24
valdoll\2706000003.pcx
27060
3
23
23
valdoll\2706000004.pcx
27060
4
23
23
valdoll\2706000005.pcx
27060
5
23
23
valdoll\2706000006.pcx
27060
6
23
23
valdoll\2706000007.pcx
27060
7
23
23
valdoll\2706000008.pcx
27060
8
23
23
valdoll\2706000009.pcx
27060
9
23
23
valdoll\2706000010.pcx
27060
10
23
23
valdoll\2706100000.pcx
27061
0
16
15
valdoll\2706100001.pcx
27061
1
15
14
valdoll\2706100002.pcx
27061
2
14
14
valdoll\2706100003.pcx
27061
3
14
14
valdoll\2706100004.pcx
27061
4
14
14
valdoll\2706100005.pcx
27061
5
14
14
valdoll\2706100006.pcx
27061
6
14
14
valdoll\2706100007.pcx
27061
7
14
14
valdoll\2706100008.pcx
27061
8
14
14
valdoll\2706100009.pcx
27061
9
14
14
valdoll\2706100010.pcx
27061
10
14
14
valdoll\2706100011.pcx
27061
11
14
14
valdoll\2706200000.pcx
27062
0
23
24
valdoll\2706200001.pcx
27062
1
21
24
valdoll\2706200002.pcx
27062
2
20
24
valdoll\2706200003.pcx
27062
3
20
23
valdoll\2706200004.pcx
27062
4
20
23
valdoll\2706200005.pcx
27062
5
20
23
valdoll\2706200006.pcx
27062
6
20
23
valdoll\2706200007.pcx
27062
7
20
23
valdoll\2706200008.pcx
27062
8
20
23
valdoll\2706200009.pcx
27062
9
20
23
valdoll\2706200010.pcx
27062
10
20
23
valdoll\2706300000.pcx
27063
0
16
13
valdoll\2706300001.pcx
27063
1
16
12
valdoll\2706300002.pcx
27063
2
15
12
valdoll\2706300003.pcx
27063
3
15
12
valdoll\2706300004.pcx
27063
4
15
12
valdoll\2706300005.pcx
27063
5
15
12
valdoll\2706300006.pcx
27063
6
15
12
valdoll\2706300007.pcx
27063
7
15
12
valdoll\2706300008.pcx
27063
8
15
12
valdoll\2706300009.pcx
27063
9
15
12
valdoll\2706300010.pcx
27063
10
15
12
valdoll\2706400000.pcx
27064
0
7
6
valdoll\2706400001.pcx
27064
1
6
6
valdoll\2706400002.pcx
27064
2
7
6
valdoll\2706500000.pcx
27065
0
12
10
valdoll\2706500001.pcx
27065
1
12
10
valdoll\2706500002.pcx
27065
2
12
10
valdoll\2706600000.pcx
27066
0
19
15
valdoll\2706600001.pcx
27066
1
19
16
valdoll\2706600002.pcx
27066
2
20
17
; Individual palette
#
1
1
valdoll\2707000000.pcx
27070
0
19
26
valdoll\2707000001.pcx
27070
1
18
25
valdoll\2707000002.pcx
27070
2
18
25
valdoll\2707000003.pcx
27070
3
19
24
valdoll\2707000004.pcx
27070
4
19
26
valdoll\2707000005.pcx
27070
5
18
26
valdoll\2707000006.pcx
27070
6
19
25
valdoll\2707000007.pcx
27070
7
19
24
valdoll\2707000008.pcx
27070
8
19
26
valdoll\2707000009.pcx
27070
9
19
26
valdoll\2707000010.pcx
27070
10
24
25
valdoll\2707000011.pcx
27070
11
23
24
valdoll\2707000012.pcx
27070
12
24
26
valdoll\2707000013.pcx
27070
13
23
26
valdoll\2707000014.pcx
27070
14
24
25
valdoll\2707000015.pcx
27070
15
17
24
valdoll\2707100000.pcx
27071
0
18
29
valdoll\2707100001.pcx
27071
1
17
29
valdoll\2707100002.pcx
27071
2
18
28
valdoll\2707100003.pcx
27071
3
17
28
valdoll\2707100004.pcx
27071
4
17
29
valdoll\2707100005.pcx
27071
5
11
28
valdoll\2707100006.pcx
27071
6
10
28
valdoll\2707100007.pcx
27071
7
11
28
valdoll\2707100008.pcx
27071
8
11
29
valdoll\2707100009.pcx
27071
9
11
29
valdoll\2707100010.pcx
27071
10
11
28
valdoll\2707100011.pcx
27071
11
10
27
valdoll\2707100012.pcx
27071
12
8
29
valdoll\2707100013.pcx
27071
13
8
29
valdoll\2707100014.pcx
27071
14
8
28
valdoll\2707100015.pcx
27071
15
8
28
valdoll\2707200000.pcx
27072
0
34
14
valdoll\2707200001.pcx
27072
1
34
14
valdoll\2707200002.pcx
27072
2
33
14
valdoll\2707200003.pcx
27072
3
32
14
valdoll\2707200004.pcx
27072
4
34
13
valdoll\2707200005.pcx
27072
5
34
13
valdoll\2707200006.pcx
27072
6
32
12
valdoll\2707200007.pcx
27072
7
32
12
valdoll\2707200008.pcx
27072
8
34
13
valdoll\2707200009.pcx
27072
9
34
16
valdoll\2707200010.pcx
27072
10
32
15
valdoll\2707200011.pcx
27072
11
32
16
valdoll\2707200012.pcx
27072
12
34
15
valdoll\2707200013.pcx
27072
13
34
15
valdoll\2707200014.pcx
27072
14
33
12
valdoll\2707200015.pcx
27072
15
32
12
valdoll\2707300000.pcx
27073
0
26
20
valdoll\2707300001.pcx
27073
1
25
19
valdoll\2707300002.pcx
27073
2
26
18
valdoll\2707300003.pcx
27073
3
26
18
valdoll\2707300004.pcx
27073
4
26
20
valdoll\2707300005.pcx
27073
5
26
19
valdoll\2707300006.pcx
27073
6
26
19
valdoll\2707300007.pcx
27073
7
24
18
valdoll\2707300008.pcx
27073
8
26
20
valdoll\2707300009.pcx
27073
9
26
19
valdoll\2707300010.pcx
27073
10
25
19
valdoll\2707300011.pcx
27073
11
24
18
valdoll\2707300012.pcx
27073
12
26
20
valdoll\2707300013.pcx
27073
13
26
19
valdoll\2707300014.pcx
27073
14
24
18
valdoll\2707300015.pcx
27073
15
24
18
valdoll\2707400000.pcx
27074
0
34
7
valdoll\2707400001.pcx
27074
1
33
7
valdoll\2707400002.pcx
27074
2
36
7
valdoll\2707400003.pcx
27074
3
35
6
valdoll\2707400004.pcx
27074
4
34
6
valdoll\2707400005.pcx
27074
5
34
6
valdoll\2707400006.pcx
27074
6
36
6
valdoll\2707400007.pcx
27074
7
35
12
valdoll\2707400008.pcx
27074
8
34
12
valdoll\2707400009.pcx
27074
9
33
14
valdoll\2707400010.pcx
27074
10
36
13
valdoll\2707400011.pcx
27074
11
35
14
valdoll\2707400012.pcx
27074
12
34
13
valdoll\2707400013.pcx
27074
13
33
13
valdoll\2707400014.pcx
27074
14
36
7
valdoll\2707400015.pcx
27074
15
35
7
; Individual palette
#
1
1
valdoll\2708000000.pcx
27080
0
21
32
valdoll\2708000001.pcx
27080
1
28
33
valdoll\2708000002.pcx
27080
2
28
39
valdoll\2708000003.pcx
27080
3
27
43
valdoll\2708000004.pcx
27080
4
27
38
valdoll\2708000005.pcx
27080
5
27
37
valdoll\2708000006.pcx
27080
6
26
35
valdoll\2708000007.pcx
27080
7
26
32
valdoll\2708000008.pcx
27080
8
25
31
valdoll\2708000009.pcx
27080
9
26
28
valdoll\2708000010.pcx
27080
10
25
26
valdoll\2708000011.pcx
27080
11
26
24
valdoll\2708000012.pcx
27080
12
26
24
valdoll\2708000013.pcx
27080
13
25
18
valdoll\2708000014.pcx
27080
14
24
17
valdoll\2708000015.pcx
27080
15
23
17
valdoll\2708100000.pcx
27081
0
28
26
valdoll\2708100001.pcx
27081
1
28
22
valdoll\2708100002.pcx
27081
2
28
24
valdoll\2708100003.pcx
27081
3
31
28
valdoll\2708100004.pcx
27081
4
32
23
valdoll\2708100005.pcx
27081
5
32
22
valdoll\2708100006.pcx
27081
6
33
24
valdoll\2708100007.pcx
27081
7
33
27
valdoll\2708100008.pcx
27081
8
32
29
valdoll\2708100009.pcx
27081
9
32
26
valdoll\2708100010.pcx
27081
10
31
23
valdoll\2708100011.pcx
27081
11
30
20
valdoll\2708100012.pcx
27081
12
29
18
valdoll\2708100013.pcx
27081
13
27
16
valdoll\2708100014.pcx
27081
14
27
15
valdoll\2708100015.pcx
27081
15
18
15
valdoll\2708200000.pcx
27082
0
-1
26
valdoll\2708200001.pcx
27082
1
38
21
valdoll\2708200002.pcx
27082
2
38
21
valdoll\2708200003.pcx
27082
3
37
18
valdoll\2708200004.pcx
27082
4
37
14
valdoll\2708200005.pcx
27082
5
37
14
valdoll\2708200006.pcx
27082
6
36
18
valdoll\2708200007.pcx
27082
7
36
27
valdoll\2708200008.pcx
27082
8
35
24
valdoll\2708200009.pcx
27082
9
34
21
valdoll\2708200010.pcx
27082
10
35
18
valdoll\2708200011.pcx
27082
11
35
16
valdoll\2708200012.pcx
27082
12
33
13
valdoll\2708200013.pcx
27082
13
33
11
valdoll\2708200014.pcx
27082
14
25
10
valdoll\2708200015.pcx
27082
15
25
10
; Individual palette
#
1
1
valdoll\2709000000.pcx
27090
0
14
8
valdoll\2709000001.pcx
27090
1
13
8
valdoll\2709000002.pcx
27090
2
16
14
valdoll\2709000003.pcx
27090
3
16
14
valdoll\2709000004.pcx
27090
4
20
16
valdoll\2709000005.pcx
27090
5
19
16
valdoll\2709000006.pcx
27090
6
20
18
valdoll\2709000007.pcx
27090
7
19
18
valdoll\2709000008.pcx
27090
8
23
24
valdoll\2709000009.pcx
27090
9
23
23
valdoll\2709000010.pcx
27090
10
25
26
valdoll\2709000011.pcx
27090
11
25
25
valdoll\2709000012.pcx
27090
12
29
27
valdoll\2709000013.pcx
27090
13
28
27
valdoll\2709000014.pcx
27090
14
31
29
valdoll\2709000015.pcx
27090
15
31
29
valdoll\2709100000.pcx
27091
0
14
7
valdoll\2709100001.pcx
27091
1
13
7
valdoll\2709100002.pcx
27091
2
17
9
valdoll\2709100003.pcx
27091
3
17
8
valdoll\2709100004.pcx
27091
4
19
10
valdoll\2709100005.pcx
27091
5
19
10
valdoll\2709100006.pcx
27091
6
22
14
valdoll\2709100007.pcx
27091
7
22
14
valdoll\2709100008.pcx
27091
8
25
15
valdoll\2709100009.pcx
27091
9
24
14
valdoll\2709100010.pcx
27091
10
27
18
valdoll\2709100011.pcx
27091
11
27
18
valdoll\2709100012.pcx
27091
12
30
20
valdoll\2709100013.pcx
27091
13
29
20
valdoll\2709100014.pcx
27091
14
32
22
valdoll\2709100015.pcx
27091
15
31
21
valdoll\2709200000.pcx
27092
0
12
9
valdoll\2709200001.pcx
27092
1
11
8
valdoll\2709200002.pcx
27092
2
14
11
valdoll\2709200003.pcx
27092
3
13
10
valdoll\2709200004.pcx
27092
4
16
13
valdoll\2709200005.pcx
27092
5
15
12
valdoll\2709200006.pcx
27092
6
17
14
valdoll\2709200007.pcx
27092
7
17
13
valdoll\2709200008.pcx
27092
8
19
19
valdoll\2709200009.pcx
27092
9
18
18
valdoll\2709200010.pcx
27092
10
21
21
valdoll\2709200011.pcx
27092
11
21
20
valdoll\2709200012.pcx
27092
12
25
23
valdoll\2709200013.pcx
27092
13
24
22
valdoll\2709200014.pcx
27092
14
27
25
valdoll\2709200015.pcx
27092
15
26
24
valdoll\2709400000.pcx
27094
0
6
5
valdoll\2709400001.pcx
27094
1
5
5
valdoll\2709400002.pcx
27094
2
6
5
valdoll\2709500000.pcx
27095
0
11
9
valdoll\2709500001.pcx
27095
1
10
9
valdoll\2709500002.pcx
27095
2
11
9
valdoll\2709600000.pcx
27096
0
18
15
valdoll\2709600001.pcx
27096
1
18
16
valdoll\2709600002.pcx
27096
2
19
17
; Individual palette
#
1
1
valdoll\3000000000.pcx
30000
0
21
46
valdoll\3001000000.pcx
30010
0
32
18
valdoll\3002000000.pcx
30020
0
20
50
valdoll\3002000001.pcx
30020
1
19
53
valdoll\3002000002.pcx
30020
2
17
52
valdoll\3002000003.pcx
30020
3
21
50
valdoll\3002000004.pcx
30020
4
20
52
valdoll\3002000005.pcx
30020
5
20
52
valdoll\3005000000.pcx
30050
0
24
66
valdoll\3005000001.pcx
30050
1
26
61
valdoll\3050000000.pcx
30500
0
53
52
valdoll\3100000000.pcx
31000
0
19
43
valdoll\3101000000.pcx
31010
0
23
24
valdoll\3101000001.pcx
31010
1
23
26
valdoll\3102000000.pcx
31020
0
20
40
valdoll\3102000001.pcx
31020
1
18
42
valdoll\3102000002.pcx
31020
2
24
46
valdoll\3102000003.pcx
31020
3
22
43
valdoll\3102000004.pcx
31020
4
21
44
valdoll\3102000005.pcx
31020
5
24
44
valdoll\3105000000.pcx
31050
0
18
27
valdoll\3105000001.pcx
31050
1
17
25
valdoll\3105000002.pcx
31050
2
22
22
valdoll\3105000003.pcx
31050
3
18
27
valdoll\3150000000.pcx
31500
0
33
32
valdoll\3200000000.pcx
32000
0
26
89
valdoll\3200000001.pcx
32000
1
36
92
valdoll\3200000002.pcx
32000
2
33
98
valdoll\3250000000.pcx
32500
0
56
95
valdoll\2900000000.pcx
29000
0
28
41
valdoll\2900000001.pcx
29000
1
28
41
valdoll\2900000002.pcx
29000
2
28
41
valdoll\2901000000.pcx
29010
0
19
18
valdoll\2901000001.pcx
29010
1
15
24
valdoll\2902000000.pcx
29020
0
28
44
valdoll\2902000001.pcx
29020
1
28
44
valdoll\2902000002.pcx
29020
2
28
45
valdoll\2902000003.pcx
29020
3
31
44
valdoll\2902000004.pcx
29020
4
28
44
valdoll\2902000005.pcx
29020
5
29
44
valdoll\2905000000.pcx
29050
0
33
45
valdoll\2905000001.pcx
29050
1
40
40
valdoll\2905000002.pcx
29050
2
41
46
valdoll\2950000000.pcx
29500
0
55
53
